t = 3965.8
step : 0.9343434343434343 and speed : -0.10134135894048789
