t = 3556.8
step : 0.24141414141414141 and speed : -0.11338672439205173
