t = 3560.1
step : 0.25555555555555554 and speed : -0.11309338686420312
