t = 3576.1
step : 0.3404040404040404 and speed : -0.1128245714778769
