t = 3552.1
step : 0.198989898989899 and speed : -0.11374914810713435
