t = 3825.1
step : 0.8212121212121212 and speed : -0.10523311954723985
