t = 3553.0
step : 0.21313131313131312 and speed : -0.1134068114966155
