t = 3631.2
step : 0.5242424242424242 and speed : -0.1104512511130851
