t = 3604.3
step : 0.45353535353535357 and speed : -0.11142846890358793
