t = 3579.3
step : 0.3545454545454545 and speed : -0.11245662741088182
