t = 3652.9
step : 0.5808080808080808 and speed : -0.10975262414647201
