t = 3562.4
step : 0.26969696969696966 and speed : -0.11320513262227383
