t = 3634.6
step : 0.5383838383838384 and speed : -0.11044215777292275
