t = 3618.4
step : 0.49595959595959593 and speed : -0.11103811383257302
