t = 3646.5
step : 0.5666666666666667 and speed : -0.1104090460775048
