t = 3545.1
step : 0.12828282828282828 and speed : -0.1138281164676982
