t = 3749.5
step : 0.7363636363636363 and speed : -0.10708810256092847
