t = 3564.8
step : 0.28383838383838383 and speed : -0.11309378092719179
