t = 3588.1
step : 0.396969696969697 and speed : -0.11232826968468196
