t = 3757.4
step : 0.7505050505050505 and speed : -0.10696777595749281
