t = 3725.5
step : 0.708080808080808 and speed : -0.10747766331195273
