t = 3546.9
step : 0.15656565656565657 and speed : -0.11391314073347644
