t = 3907.8
step : 0.8919191919191919 and speed : -0.10282423910063065
