t = 3591.9
step : 0.4111111111111111 and speed : -0.11223300373239156
