t = 3544.1
step : 0.11414141414141414 and speed : -0.11388142028654948
