t = 3719.1
step : 0.6939393939393939 and speed : -0.10831727249637695
