t = 3615.7
step : 0.4818181818181818 and speed : -0.11130124147537461
