t = 3735.6
step : 0.7222222222222222 and speed : -0.10738527733336237
