t = 3662.3
step : 0.5949494949494949 and speed : -0.10971756261215573
