t = 3581.0
step : 0.36868686868686873 and speed : -0.11228280536271434
