t = 3584.5
step : 0.38282828282828285 and speed : -0.1121948300622307
