t = 3666.5
step : 0.609090909090909 and speed : -0.10969244979389035
