t = 3689.6
step : 0.6515151515151515 and speed : -0.10869558013283397
