t = 3673.9
step : 0.6232323232323231 and speed : -0.10948207024229592
