t = 3681.4
step : 0.6373737373737374 and speed : -0.109099056098345
