t = 3610.9
step : 0.4676767676767677 and speed : -0.11143586242530112
