t = 3884.9
step : 0.8777777777777777 and speed : -0.102860322322993
