t = 3549.0
step : 0.1707070707070707 and speed : -0.11378212443133744
