t = 3567.4
step : 0.297979797979798 and speed : -0.11280754156017841
