t = 3573.1
step : 0.32626262626262625 and speed : -0.11278834946579647
