t = 3871.9
step : 0.8636363636363635 and speed : -0.10376542987758187
