t = 3601.9
step : 0.43939393939393934 and speed : -0.11167508043809583
