t = 3807.1
step : 0.807070707070707 and speed : -0.1049773722069491
