t = 3549.7
step : 0.18484848484848485 and speed : -0.11355137693578159
