t = 3555.8
step : 0.22727272727272727 and speed : -0.11346057963973868
