t = 3709.9
step : 0.6797979797979797 and speed : -0.1081980170421046
