t = 3640.4
step : 0.5525252525252525 and speed : -0.11011794011102925
