t = 3772.3
step : 0.7646464646464646 and speed : -0.1064500627548465
