t = 3836.4
step : 0.8353535353535353 and speed : -0.10460216853370641
