t = 3595.8
step : 0.4252525252525252 and speed : -0.1117824713108291
