t = 3797.9
step : 0.7929292929292928 and speed : -0.10554144853025695
