t = 3545.6
step : 0.14242424242424243 and speed : -0.11369876807083473
