t = 3568.8
step : 0.31212121212121213 and speed : -0.11283540446982365
