t = 3780.9
step : 0.7787878787878787 and speed : -0.10611518365331656
