t = 3940.9
step : 0.9202020202020201 and speed : -0.10162677304770368
