t = 3926.6
step : 0.906060606060606 and speed : -0.10165383864532397
