t = 3625.9
step : 0.51010101010101 and speed : -0.11117396896698274
