t = 3851.9
step : 0.8494949494949494 and speed : -0.1037452733474116
