t = 3697.9
step : 0.6656565656565656 and speed : -0.10809112757624223
