t = 3983.1
step : 0.9484848484848484 and speed : -0.10008198680615595
